Spline parameters file for Ercolessi-Adams potential for fmmea class.
The parameters are for Aluminum. 
Reference: F. Ercolessi and J. B. Adams, Europhys. Lett, 26 (8), pp. 583-588 (1994)

(c) Rosandi 2009

The number of points: 
  pair potential = 15
  electron density = 15
  embedding function = 13

#?table:pair_potential
2.0210 1.9591 -6.9356 8.5318 -3.6923
2.2730 0.6941 -3.3390 5.7404 -3.9603
2.5257 0.1530 -1.1966 2.7385 -2.6205
2.7783 -0.0168 -0.3147 0.7521  -0.5492
3.0310 -0.0571 -0.0398 0.3359 -0.3783
3.2837 -0.0518 0.0575 0.0491 -0.2411
3.5363 -0.0381 0.0362 -0.1336 -0.0514
3.7890 -0.0383 -0.0412 -0.1726 0.3073
4.0417 -0.0548 -0.0696 0.0603 0.1873
4.2943 -0.0655 -0.0032 0.2023 -0.1897
4.5470 -0.0564 0.0626 0.0585 -0.0688
4.7997 -0.0380 0.0790 0.0064 -0.0802
5.0523 -0.0189 0.0669 -0.0545 0.0001
5.3050 -0.0055 0.0394 -0.0544 -0.0619
5.5580 0.0 0.0 0.0 0.0
#?end:pair_potential

#?table:electron_density
0.0874 0.0780 -0.2221 0.1254
0.0949 -0.0100 -0.1273 0.1838
0.0872 -0.0392 0.0120 -0.1081
0.0763 -0.0538 -0.0699 0.1447
0.0606 -0.0614 0.0397 -0.0578
0.0467 -0.0524 -0.0041 0.0528
0.0341 -0.0444 0.0359 -0.1128
0.0233 -0.0478 -0.0496 0.1756
0.0109 -0.0393 0.0835 -0.0687
0.0052 -0.0102 0.0314 -0.0451
0.0039 -0.0030 -0.0028 0.0087
0.0031 -0.0027 0.0038 -0.0059
0.0026 -0.0020 -0.0007 -0.0251
0.0016 -0.0071 -0.0197 0.0890
0.0 0.0 0.0 0.0
#?end:electron_density

#?table:embedding_function
0.0000 -18.1647 81.6236 -130.0891
-1.1303 -5.7427 42.5968 -171.9237
-1.4505 -2.3810 -8.9803 37.2491
-1.7412 -3.0596 2.1945 3.1421
-2.0221 -2.5264 3.1371 -3.0615
-2.2464 -1.9908 2.2187 -0.1583
-2.4235 -1.5519 2.1712 8.3568
-2.5486 -0.8669 4.6782 -16.5497
-2.6050 -0.4278 -0.2867 6.8058
-2.6439 -0.2809 1.7550 -2.3354
-2.6568 0.0000 1.0544 0.5536
-2.6457 0.2275 1.2205 -0.0242
-2.6107 0.4709 1.2132 -0.0242
#end:embedding_function
